Vehicle Spawn 1|4433.362305 201.873718 3223.462402|0.000000 -0.000000 -0.000000
Vehicle Spawn 2|4420.294922 201.729187 3214.238525|0.000000 -0.000000 -0.000000


Heli Spawn 1|4955.007813 208.272903 4538.174805|0.000000 -0.000000 -0.000000
Heli Spawn 2|4948.097168 208.272919 4566.249512|0.000000 -0.000000 -0.000000

<!--Traders-->

Helis|4928.819824 201.604996 4529.279785|76.499954 0.000000 -0.000000

BMT(Components)|13845.700195 398.959991 9119.280273|130.000000 0.000000 0.000000

Vehicle Parts|4412.022461 201.871872 3230.222412|104.999992 0.000000 -0.000000
Medical|4383.183105 200.983002 3183.410645|55.000004 0.000000 -0.000000
Consumables|4406.560059 201.760345 3205.679932|-140.000000 0.000000 -0.000000
Building|4376.155762 201.180511 3186.992188|0.000000 0.000000 -0.000000
Accessories|4374.049316 201.562897 3204.717773|55.000004 0.000000 -0.000000
Clothing|4377.061035 201.562897 3207.329346|-124.999985 0.000000 -0.000000
Exchange|4382.100098 201.562897 3208.149902|144.999985 0.000000 -0.000000
Weapons|4399.620117 200.626907 3153.870117|-10.000005 -0.000000 0.000000
Attachments|4387.976074 200.866592 3164.775635|39.999985 0.000000 -0.000000
Specials|4384.930176 200.926239 3171.540039|64.999962 0.000000 -0.000000
Vehicles|4427.290039 202.192703 3238.250000|-175.000015 0.000000 -0.000000